1.00   0.01000   47.000      inf      nan      132.000   141.500   10.356
1.00   0.01000   198.000   207.500    6.576         inf      inf      nan
1.00   0.01000      inf      inf      nan         inf      inf      nan
1.00   0.01000      inf      inf      nan         inf      inf      nan
1.00   0.01000      inf      inf      nan         inf      inf      nan
1.00   0.01000      inf      inf      nan         inf      inf      nan
1.00   0.01000    0.000    0.000    0.000       0.000    0.000    0.000
1.00   0.01000    0.000    0.000    0.000       0.000    0.000    0.000
0.00   0.05000   43.000      inf      nan         inf      inf      nan
1.00   0.01000      inf      inf      nan         inf      inf      nan
2.00   0.00200      inf      inf      nan         inf      inf      nan
3.00   0.05000      inf      inf      nan         inf      inf      nan
4.00   0.01000      inf      inf      nan         inf      inf      nan
5.00   0.00200      inf      inf      nan         inf      inf      nan
6.00   0.05000    0.000    0.000    0.000       0.000    0.000    0.000
7.00   0.01000    0.000    0.000    0.000       0.000    0.000    0.000
8.00   0.00200    0.000    0.000    0.000       0.000    0.000    0.000
9.00   0.05000    0.000    0.000    0.000       0.000    0.000    0.000
10.00   0.01000    0.000    0.000    0.000       0.000    0.000    0.000
11.00   0.00200    0.000    0.000    0.000       0.000    0.000    0.000
