 0.20     -3.40931    0.17940    1.68388    2.32384      -1.12484    0.02421   -0.60914    0.40641
 0.20     -3.69933    0.20322    1.99776    2.16596      -1.00888    0.04529   -0.59778    0.40538
 0.30     -2.02768    0.16580    2.72160    2.15787      -2.73830    0.02964   -2.15730    0.61838
 0.40     -3.52834    0.18029    2.67915    3.05417      -4.31434    0.04105   -3.70460    0.85390
 0.50     -3.96081    0.18280    2.51102    3.79227      -5.87062    0.05516   -5.31307    1.01763
 0.60     -4.94792    0.16160    2.80863    4.50898      -7.53562    0.04504   -6.89570    1.14513
 0.70     -9.03022    0.07423   -1.09070    6.79504      -9.19998    0.00012   -8.46443    1.23434
 0.80    -10.71746    0.06955   -1.78500    7.64003     -10.76841    0.03154  -10.11190    1.33574
 0.90    -12.26515    0.06037   -2.06376    9.07741     -12.25552    0.08110  -11.69342    1.48093
 1.00    -13.89549    0.06950   -4.37335   10.03858     -14.00009    0.00007  -13.26168    1.58924
 1.10    -15.43078    0.13625   -6.72346   10.92832     -15.60009    0.00007  -14.84635    1.76720
 1.20    -17.19995    0.00137   -8.38116   11.63824     -17.20031    0.00011  -16.47717    1.75516
 1.30    -18.63320    0.12300   -9.99922   12.48860     -18.80030    0.00013  -18.02974    1.85758
 1.40    -20.32258    0.08308  -10.94657   13.61788     -20.31995    0.07979  -19.52231    2.32559
J1  exactE     E  err_of_mean  E_50avg  E_err_of_50avg    MSR: E  err_of_mean  E_50avg  E_err_of_50avg
 0.20    -6.00000       -1.71306    0.26118    1.76229    1.66405       -1.05945    0.03173   -0.91238    0.11810
 0.30    -6.00000       -3.16883    0.21896    0.93345    2.50199       -2.71944    0.03413   -2.60250    0.12340
 0.40    -6.00000       -4.76471    0.12931   -1.52084    2.43758       -4.37740    0.02209   -4.26966    0.08837
 0.50    -6.00000       -3.75182    0.08874   -1.21205    2.22967       -5.99988    0.00017   -5.91127    0.06633
 0.60    -7.60000       -6.20769    0.14006   -3.17232    2.61259       -7.56978    0.03011   -7.53337    0.06321
